"TOA5","Cattle_Experiment_Eagle_TGA310","GRANITE9","1218","GRANITE9.4.0.0-Beta+90012fd31","CPU:TraceFlux_GR_OPEC_Eagle_10062026_site_setting_updated.CRB","47069","CSFlux"
"TIMESTAMP","RECORD","FCH4_mass","FCH4_QC","nmbr_smp_FCH4","FC_mass","FC_QC","nmbr_smp_FC","LE","LE_QC","nmbr_smp_LE","ET","ET_QC","nmbr_smp_ET","H","H_QC","nmbr_smp_H","Bowen_ratio","TAU","TAU_QC","USTAR","TSTAR","TKE","TA_1_1_1","RH_1_1_1","T_DP_1_1_1","e_amb","e_sat_amb","TA_1_1_2","RH_1_1_2","RH_SIGMA_1_1_2","e_fast","e_sat_fast","TA_1_1_3","RH_1_1_3","T_DP_1_1_3","e_probe","e_sat_probe","H2O_density_probe","PA","VPD","U","U_SIGMA","V","V_SIGMA","W","W_SIGMA","T_SONIC","T_SONIC_SIGMA","sonic_azimuth","WS","WS_RSLT","WS_MAX","WD_SONIC","WD_SIGMA","WD","CH4_density","CH4_density_SIGMA","CH4_mixratio","CH4_mixratio_SIGMA","CO2_density","CO2_density_SIGMA","H2O_density","H2O_density_SIGMA","CO2_sig_strgth_Min","H2O_sig_strgth_Min","sun_azimuth","sun_elevation","hour_angle","sun_declination","air_mass_coeff","daytime","TS_1_1_1","SWC_1_1_1","cs65x_ec_1_1_1","FETCH_MAX","FETCH_90","FETCH_80","FETCH_70","FETCH_FILTER","FETCH_INTRST","FP_FETCH_INTRST","FP_EQUATION"
"TS","RN","ugCH4 m-2 s-1","grade","count","mgCO2 m-2 s-1","grade","count","W m-2","grade","count","mm hour-1","grade","count","W m-2","grade","count","fraction","kg m-1 s-2","grade","m s-1","deg C","m2 s-2","deg C","%","deg C","kPa","kPa","deg C","%","%","kPa","kPa","deg C","%","deg C","kPa","kPa","gH2O m-3","kPa","hPa","m s-1","m s-1","m s-1","m s-1","m s-1","m s-1","deg C","deg C","decimal degrees","m s-1","m s-1","m s-1","decimal degrees","decimal degrees","decimal degrees","ugCH4 m-3","ugCH4 m-3","nmolCH4 mol-1","nmolCH4 mol-1","mgCO2 m-3","mgCO2 m-3","gH2O m-3","gH2O m-3","fraction","fraction","decimal degrees","decimal degrees","decimal degrees","decimal degrees","adimensional","fraction","deg C","%","dS m-1","m","m","m","m","adimensional","m","%","authors"
"","","Smp","Smp","Smp","Smp","Smp","Smp","Smp","Smp","Smp","Smp","Smp","Smp","Smp","Smp","Tot","Smp","Smp","Smp","Smp","Smp","Smp","Smp","Smp","Smp","Smp","Smp","Smp","Smp","Smp","Smp","Smp","Smp","Smp","Smp","Smp","Smp","Smp","Smp","Smp","Smp","Smp","Smp","Smp","Smp","Smp","Smp","Smp","Smp","Smp","Smp","Smp","Smp","Smp","Smp","Smp","Smp","Smp","Smp","Smp","Smp","Smp","Smp","Min","Min","Avg","Avg","Avg","Avg","Avg","Tot","Avg","Avg","Avg","Smp","Smp","Smp","Smp","Smp","Smp","Smp","Smp"
"2026-10-06 10:00:00",0,-0.1022135,1,1320,-0.09076929,1,1320,89.33845,1,1320,0.130827,1,1320,126.7794,1,1320,1.419091,-0.009709434,3,0.09658369,-1.246898,0.08456229,19.26085,46.33119,7.467862,1.038604,2.241636,18.03463,49.82101,1.041915,1.03429,2.077498,18.24133,58.54667,9.986343,1.231348,2.103183,9.156107,87.39072,1.043208,0.5715075,0.2547175,0,0.2205541,0,0.2357955,19.12617,0.6570437,180,0.6092479,0.5705673,1.283895,322.0278,20.40961,217.9722,1794.85,9.564569,2309.308,6.256462,681.7397,2.027875,7.695952,0.1778141,0.9751784,0.9787037,138.0123,33.66447,-34.00858,-5.308552,1.552476,0.02666667,12.22625,5.146955,0.01521667,4.854397,61.1096,32.84038,22.03725,1,242.6379,98.08868,"Kljun_et_al"
"2026-10-06 10:30:00",1,0.001106692,9,35489,"NAN",0,33705,"NAN","NAN",33705,"NAN",0,33705,"NAN",0,33705,"NAN","NAN",7,0.05077296,"NAN",0.4399228,"NAN","NAN",7.454787,"NAN",2.378088,18.70637,47.68852,1.964143,1.032397,2.167749,19.2267,57.23857,10.56538,"NAN","NAN","NAN","NAN",1.135352,0.8156263,0.6713729,0,0.605953,-1.164153E-10,0.2488473,19.77351,0.8309583,180,1.081155,0.8156259,3.30091,14.79468,40.14184,165.2053,"NAN","NAN",2306.382,19.18373,"NAN","NAN","NAN","NAN","NAN","NAN",142.1385,"NAN",-30.14901,-5.313085,"NAN",0.9777778,15.4186,6.208091,0.01816861,13.17873,165.9005,89.15512,59.82676,1,242.6379,93.57706,"Kljun_et_al"
"2026-10-06 11:00:00",2,0.2526515,2,36000,0.03574964,1,36000,131.479,1,36000,0.1929067,1,36000,120.7689,1,36000,0.918541,-0.01113344,6,0.1037873,-1.11326,0.5141682,21.18956,40.30883,7.163507,1.017783,2.526663,20.0233,43.11618,1.210134,1.013828,2.352876,20.56444,55.02827,11.22286,1.337485,2.431012,9.866393,87.36475,1.339048,1.052282,0.6664283,0,0.7207286,1.862645E-09,0.25448,21.10084,0.846167,180,1.323834,1.052216,3.074007,13.53018,36.68998,166.4698,1771.044,26.52378,2307.36,21.56895,676.6837,4.305461,7.492133,0.3227054,0.9743183,0.9783016,150.6623,38.56885,-22.64479,-5.321021,1.381282,1,16.90449,6.293356,0.01869378,8.317749,104.708,56.27023,37.75964,1,242.6379,96.31031,"Kljun_et_al"
"2026-10-06 11:30:00",3,-0.06165042,8,36000,-0.1171882,2,36000,124.6009,1,36000,0.1830599,1,36000,160.0134,2,36000,1.284207,-0.03177946,2,0.1757613,-0.8753009,0.3973941,22.76419,35.36797,6.631665,0.981539,2.782043,21.41073,38.20131,2.349711,0.9771616,2.564272,21.94856,52.80985,11.88182,1.39693,2.646669,10.25665,87.35246,1.58711,0.4459648,0.6454774,0,0.5582776,-1.862645E-09,0.2578238,22.45415,1.03093,180,0.8482556,0.4455488,2.719553,39.45606,55.81053,140.5439,1744.611,43.62951,2305.693,35.11978,662.1664,7.905788,7.18739,0.3658411,0.9744891,0.9784549,159.8899,40.90007,-15.14311,-5.328884,1.315064,1,18.38723,6.418103,0.01918667,2.081641,26.20475,14.08247,9.449914,1,242.6379,99.31487,"Kljun_et_al"
"2026-10-06 12:00:00",4,-0.07295981,8,36000,-0.03267533,1,36000,80.16129,1,36000,0.1179345,1,36000,131.9487,1,36000,1.64604,-0.01311965,4,0.1131958,-1.126412,0.4221147,24.12117,30.54638,5.717814,0.921163,3.018858,22.85077,32.83456,1.511318,0.9172947,2.799129,23.19331,50.49263,12.35102,1.440925,2.854023,10.53517,87.34586,1.881834,0.1726966,0.6581711,0,0.5826339,1.862645E-09,0.2675406,23.83488,1.016672,180,0.816201,0.1724755,2.948245,75.47787,71.93443,104.5221,1632.801,29.00978,2204.091,25.04491,651.3387,3.48321,6.714104,0.2766877,0.9754215,0.9792769,169.6878,42.35945,-7.641724,-5.33699,1.277786,1,19.90569,6.507898,0.01977244,1.25162,15.75602,8.467306,5.681911,1,242.6379,99.61855,"Kljun_et_al"
"2026-10-06 12:30:00",5,0.07748225,4,36000,-0.08568931,3,36000,160.197,3,36000,0.2360584,3,36000,168.1192,3,36000,1.049453,-0.06771764,7,0.2579353,-0.633469,0.5743976,25.54628,28.98562,6.187997,0.952125,3.285607,24.49146,30.74452,1.256014,0.9488877,3.090237,24.87473,49.73884,13.66427,1.570123,3.156962,11.41511,87.32142,2.14135,0.3140115,0.7130122,0,0.747781,0,0.285013,25.51563,1.089977,180,0.9972911,0.3118424,3.806167,289.58,67.1524,250.42,1603.682,23.98239,2160.074,17.3668,647.459,5.783697,6.906667,0.3742572,0.9725138,0.9763169,179.8097,42.86335,-0.1402619,-5.344999,1.265262,1,21.41044,6.632701,0.02034133,0.9988374,12.57387,6.757215,4.534369,1,242.6379,99.69971,"Kljun_et_al"
"2026-10-06 13:00:00",6,-0.06843546,7,36000,-0.1018782,7,36000,147.5459,7,36000,0.217639,7,36000,159.9377,7,36000,1.083986,-0.04016795,7,0.1990229,-0.7841077,0.5149709,26.31792,26.54047,5.563148,0.9124842,3.439945,25.54808,27.6839,1.462689,0.9102607,3.290726,25.63435,48.27748,13.90029,1.594469,3.302984,11.56261,87.29333,2.380466,0.8088776,0.594642,0,0.7814818,1.117587E-08,0.2561814,26.53415,1.068997,180,1.153446,0.80718,3.760222,158.5928,44.3804,21.40717,1542.844,28.3469,2107.035,17.15609,633.6456,5.467253,6.601987,0.4522958,0.9751201,0.9798957,189.9353,42.38049,7.361607,-5.352787,1.2765,1,22.58035,6.705461,0.02075111,3.334379,41.97485,22.55734,15.1369,1,242.6379,98.79182,"Kljun_et_al"
"2026-10-06 13:30:00",7,0.04096594,7,36000,-0.1515164,2,36000,123.6669,1,36000,0.1825736,1,36000,139.7323,1,36000,1.129909,-0.01033997,4,0.1011316,-1.352645,0.5225686,27.33112,23.79267,4.845983,0.8684477,3.650408,26.43847,24.98167,1.514512,0.8659748,3.467865,26.56643,46.79975,14.271,1.633306,3.489873,11.80743,87.26972,2.60189,0.9356609,0.715959,0,0.6873419,0,0.2451551,27.37945,0.9922585,180,1.198892,0.9355264,4.387079,230.887,37.96423,309.113,1496.085,26.56595,2073.818,8.522323,622.3348,5.119739,6.262174,0.478753,0.8995885,0.9491887,199.7422,40.94031,14.86281,-5.360895,1.312749,1,23.2408,6.766419,0.02118889,7.590124,95.54832,51.34779,34.45648,1,242.6379,96.69935,"Kljun_et_al"
"2026-10-06 14:00:00",8,0.0450377,3,36000,-0.04078655,3,36000,129.5679,3,36000,0.1914448,3,36000,103.8575,3,36000,0.8015681,-0.08788962,4,0.295295,-0.3454591,0.9960138,28.07741,21.58423,4.061906,0.8224978,3.813011,27.29702,22.49269,1.446313,0.8204892,3.645222,27.46238,45.47185,14.63881,1.672394,3.678409,12.05408,87.23736,2.824733,0.7560163,0.9115487,0,1.047726,7.450581E-09,0.2517492,28.19124,0.7729137,180,1.463334,0.7513421,3.461587,131.7355,56.50031,48.26447,1462.262,27.43894,2058.223,8.46189,614.0728,3.108247,5.916332,0.4993517,0.975826,0.9796786,208.9823,38.62612,22.36402,-5.369008,1.377535,1,24.1001,6.844776,0.02169111,2.100961,26.44796,14.21317,9.537621,1,242.6379,99.30727,"Kljun_et_al"
"2026-10-06 14:30:00",9,-0.1261969,4,36000,-0.1789575,3,36000,144.5023,3,36000,0.2136297,3,36000,111.8593,3,36000,0.7741009,-0.1195446,4,0.3447927,-0.3193292,0.9598258,28.92575,21.50355,4.729621,0.8612098,4.005046,27.8676,22.76458,1.225722,0.8582889,3.768983,28.25924,45.59644,15.40448,1.756777,3.852926,12.62893,87.21416,2.910694,0.3353291,0.9714887,0,0.9501154,1.862645E-09,0.2704474,28.80519,0.7828799,180,1.242563,0.3345598,4.052129,281.2156,69.24197,258.7844,1479.57,23.88566,2066.494,8.032594,615.4722,2.828128,6.177277,0.4493828,0.9748306,0.9737164,217.5182,35.55371,29.86604,-5.376724,1.478473,1,"NAN","NAN","NAN",0.798269,10.04901,5.400353,3.623859,1,242.6379,99.75685,"Kljun_et_al"
"2026-10-06 15:00:00",10,0.0516252,3,36000,0.00376156,3,36000,127.2415,3,36000,0.1881084,3,36000,71.06284,3,36000,0.5584877,-0.004361835,9,0.06586869,-1.062172,0.9392348,28.9875,21.38832,4.709546,0.8596764,4.019417,27.84973,22.74074,1.023601,0.8565131,3.763585,28.40854,45.5033,15.50843,1.768507,3.886534,12.70693,87.18802,2.907072,1.16761,0.8915941,0,1.012513,-3.72529E-09,0.2415506,28.7856,0.5803033,180,1.623534,1.167121,4.802317,344.4017,42.94707,195.5983,1485.793,25.72374,2076.883,12.6501,617.653,1.744227,6.165008,0.4103726,0.9768164,0.9806438,225.3149,31.84957,37.36738,-5.384793,1.628582,1,25.43029,6.962219,0.02262089,14.54235,183.0665,98.38014,66.01713,1,242.6379,92.78079,"Kljun_et_al"
"2026-10-06 15:30:00",11,0.3726383,6,36000,-0.02144291,2,36000,126.1376,1,36000,0.1864754,1,36000,47.51503,1,36000,0.3766919,-0.02289767,4,0.1509606,-0.3099548,0.5682368,28.6798,23.15656,5.57521,0.913641,3.948816,27.84365,24.20472,1.467226,0.9112015,3.761531,28.22372,46.42502,15.65221,1.784937,3.845029,12.83288,87.15765,2.85033,1.97669,0.8079665,0,0.6543094,9.313226E-10,0.2356756,28.83979,0.4490779,180,2.090641,1.976664,4.701632,21.20297,18.91277,158.797,1546.053,46.96321,2130.365,38.2041,616.6663,2.058096,6.558914,0.4961985,0.9768687,0.9806459,232.4163,27.6348,44.86879,-5.392906,1.851889,1,25.54311,6.962976,0.02293067,10.7428,135.2358,72.67589,48.76851,1,242.6379,94.9716,"Kljun_et_al"
"2026-10-06 16:00:00",12,-0.08766004,7,36000,-0.01301068,3,36000,90.42126,3,36000,0.1336577,3,36000,25.17664,3,36000,0.2784372,-0.03086819,6,0.1752401,-0.1414389,0.3245052,28.59517,22.74886,5.25993,0.8936037,3.929001,27.71702,23.85499,1.492005,0.8910454,3.733362,28.06129,46.21981,15.43616,1.760356,3.808745,12.66299,87.1496,2.842317,1.365796,0.4004439,0,0.6740146,0,0.1853628,28.69072,0.3093036,180,1.529126,1.365795,2.825909,34.66312,26.4727,145.3369,1539.944,32.27345,2132.812,15.61526,617.388,1.084479,6.416736,0.4591353,0.9775131,0.9811121,238.9087,23.01682,52.37064,-5.400692,2.195871,1,25.03462,6.954155,0.02308933,6.395246,80.50658,43.26435,29.03216,1,242.6379,97.322,"Kljun_et_al"
"2026-10-06 16:30:00",13,0.1902901,3,36000,0.005224066,3,35984,91.66228,3,35985,0.1354774,3,35985,15.20012,3,35985,0.1658274,-0.01524256,4,0.123128,-0.1214766,0.6739283,28.58945,23.73349,5.870682,0.9321762,3.927762,27.60504,25.04643,1.642748,0.9291474,3.708925,28.02858,46.88813,15.63049,1.782461,3.801515,12.82336,87.15168,2.779777,1.239603,0.59462,0,0.9804381,-1.862645E-09,0.1817276,28.62009,0.2607782,180,1.614615,1.239318,4.634797,302.548,39.05154,237.452,1532.595,42.96683,2100.941,36.57108,618.4741,4.925327,6.693748,0.4646247,0.7670503,0.8088245,244.8946,18.08758,59.8721,-5.408689,2.762956,1,24.59224,6.948937,0.02301956,8.260035,103.9815,55.87979,37.49764,1,242.6379,96.34143,"Kljun_et_al"
"2026-10-06 17:00:00",14,-0.000366812,9,36000,-0.004901669,5,36000,48.87918,5,36000,0.07219939,5,36000,-2.873222,8,36000,-0.05878211,-0.0133532,2,0.1151411,0.02450294,0.1653993,27.93737,26.08731,6.659018,0.9853848,3.782105,26.97259,27.53544,2.860329,0.9821851,3.574622,27.52749,48.03016,15.54665,1.772983,3.692339,12.77645,87.14491,2.592437,1.465375,0.3985935,0,0.3918593,0,0.1355288,28.0436,0.3437941,180,1.515133,1.465279,3.193438,271.5233,14.69305,268.4767,1540.629,36.37357,2078.194,10.40538,619.545,1.669842,7.091541,0.6009396,0.9767922,0.9803237,250.481,12.9264,67.37331,-5.416798,3.823606,1,23.92915,6.914363,0.02284267,10.45083,131.5603,70.70068,47.44306,1,242.6379,95.13563,"Kljun_et_al"
"2026-10-06 17:30:00",15,-0.04478628,9,36000,0.004367074,9,36000,13.6272,9,36000,0.02009599,9,36000,-3.752765,9,36000,-0.2753877,-0.002019058,9,0.04465976,0.08204485,0.1224273,26.22517,31.78503,8.13135,1.086828,3.420176,25.2937,33.49554,1.411554,1.083428,3.236615,25.95234,50.81642,14.98563,1.710146,3.365836,12.38832,87.13435,2.153187,1.115394,0.4307915,0,0.2298927,-1.862645E-09,0.08014177,26.46931,0.2920231,180,1.152537,1.115173,2.717842,254.409,14.58416,285.591,1613.654,21.05319,2108.394,19.99623,622.3065,2.938681,7.865973,0.2335143,0.975116,0.978623,255.7721,7.611107,74.875,-5.424652,6.377846,1,23.22749,6.861064,0.02257289,23.12614,371.1435,175.6198,111.0048,1,242.6379,85.08487,"Kljun_et_al"
"2026-10-06 18:00:00",16,0.4615603,9,36000,0.08461028,9,36000,3.249758,9,36000,0.004783458,9,36000,-18.29946,9,36000,-5.631022,-0.004156307,9,0.06387489,0.2779839,0.07523701,24.16952,35.75499,7.989661,1.076202,3.037628,23.36296,37.44989,4.033939,1.073268,2.894285,24.12576,52.24785,13.72863,1.577874,3.023518,11.4988,87.11058,1.821017,0.7570788,0.2769221,0,0.2636794,3.72529E-09,0.06527898,24.52028,1.613856,180,0.7958149,0.7560199,1.808888,171.889,18.11311,8.111023,1746.026,73.26461,2270.829,84.73967,632.9659,10.64271,7.843156,0.17361,0.9724535,0.9569547,260.8654,2.296347,82.37663,-5.432579,17.71931,0.9511111,22.4251,6.797409,0.02237155,10.97797,176.1816,83.3666,52.69392,1,242.6379,92.5852,"Kljun_et_al"
"2026-10-06 18:30:00",17,-0.2559474,9,36000,-0.02273378,9,36000,-2.639228,9,36000,-0.00387516,9,36000,0.6694543,9,36000,-0.2536554,-0.001246042,7,0.03482377,-0.01849587,0.09950911,20.78069,42.81744,7.677942,1.053744,2.463504,20.79224,42.84218,2.909136,1.053752,2.466708,20.99196,55.27187,11.68736,1.379005,2.495441,10.15808,87.09566,1.412956,1.854944,0.286801,0,0.3368072,-7.450581E-09,0.05765644,21.91871,0.7101651,180,1.885018,1.853206,3.065616,133.6998,10.52257,46.30023,1805.783,76.33591,2338.615,82.33913,646.8833,9.854308,7.767951,0.2275911,0.9548374,0.9595675,265.8551,-3.422382,89.87783,-5.440688,"NAN",0,21.51244,6.71879,0.022032,43.7027,550.1517,295.6522,198.3948,1,242.6379,75.39529,"Kljun_et_al"
"2026-10-06 19:00:00",18,-0.5925073,8,36000,-0.07728197,8,36000,-4.633308,8,36000,-0.006801841,8,36000,10.752,8,36000,-2.320588,-0.003457409,7,0.05797705,-0.1783277,0.268664,20.84123,39.48352,6.542669,0.9750201,2.47307,20.60734,40.24683,4.80973,0.9741262,2.444549,20.99471,53.49502,11.19626,1.334957,2.496104,9.833434,87.1009,1.470423,1.468491,0.40804,0,0.6042794,7.450581E-09,0.07535167,21.64745,1.384827,180,1.589398,1.466442,3.040618,146.5785,22.52906,33.42148,1661.654,95.36134,2194.125,99.81113,646.9156,15.58473,7.186182,0.2635983,0.9687283,0.9736683,270.8357,-9.094225,97.37934,-5.448682,"NAN",0,20.56364,6.638973,0.021652,20.77962,261.5843,140.5757,94.33212,1,242.6379,89.05388,"Kljun_et_al"
"2026-10-06 19:30:00",19,0.04075773,9,36000,-0.02547794,9,36000,2.011409,9,36000,0.00294758,9,36000,-3.145299,9,36000,-1.563729,-0.007159197,3,0.08315907,0.03613372,0.3167919,18.71664,45.43319,6.635695,0.9812582,2.170549,18.76701,45.47842,5.480174,0.9813302,2.18164,19.00001,56.01522,10.02819,1.23548,2.208899,9.162031,87.11884,1.20031,1.410895,0.4833664,0,0.627095,0,0.08180889,19.80811,1.449489,180,1.563905,1.410121,2.443289,139.0194,25.40009,40.98062,1661.713,88.18823,2176.311,89.97631,663.1801,16.33823,7.285067,0.2629779,0.9698824,0.973779,275.9043,-14.69452,104.8813,-5.456462,"NAN",0,19.67544,6.595582,0.02131867,15.67289,251.5287,119.0198,75.22939,1,242.6379,89.62545,"Kljun_et_al"
"2026-10-06 20:00:00",20,16.01638,9,36000,1.738765,9,36000,37.07064,9,36000,0.05414693,9,36000,-114.7482,9,36000,-3.095393,-0.04224445,9,0.2008041,0.5393578,0.5709438,16.06067,56.66381,7.083549,1.012578,1.859327,15.36151,59.30877,13.12506,1.010033,1.781904,16.74571,60.14156,8.920119,1.149459,1.93477,8.58595,87.139,0.771871,0.3145474,0.9791897,0,0.4230464,-1.862645E-09,0.06408501,16.42014,3.012647,180,1.049001,0.3137512,2.0186,308.7451,67.81324,231.2549,2227.991,854.3258,2848.77,1041.794,726.9167,56.92231,7.58963,0.4436803,0.9696501,0.9736339,281.1646,-20.23504,112.3825,-5.464571,"NAN",0,18.88245,6.508931,0.02099689,1.449495,23.26244,11.00745,6.957531,1,242.6379,98.84375,"Kljun_et_al"
"2026-10-06 20:30:00",21,-0.1751318,9,36000,-0.01418588,9,36000,1.115798,9,36000,0.001627754,9,36000,1.100132,9,36000,0.9859598,-0.003527825,4,0.05790751,-0.01784737,0.06085874,13.48184,70.49393,8.216332,1.092944,1.552344,14.06389,68.04458,3.189233,1.095155,1.612647,13.6168,68.59306,7.953238,1.073591,1.565496,8.111542,87.15112,0.5174913,0.921024,0.2265526,0,0.2604317,0,0.05066291,15.20739,0.7451484,180,0.9565182,0.9199365,1.666611,351.4114,15.84056,188.5886,2552.718,374.4607,3192.86,456.8088,748.8655,19.59813,8.261767,0.1777957,0.9651068,0.9732538,286.7357,-25.67021,119.8837,-5.472623,"NAN",0,18.16975,6.444326,0.02066578,13.05077,164.2897,88.28952,59.2459,1,242.6379,93.6513,"Kljun_et_al"
"2026-10-06 21:00:00",22,1.095889,8,36000,-0.02701586,8,36000,1.436662,8,36000,0.002095812,8,36000,-1.995458,8,36000,-1.388955,-0.005017776,4,0.0690496,0.0271406,0.08385897,13.86069,68.26156,8.114112,1.08527,1.590219,14.05034,67.51618,2.644096,1.085969,1.610459,13.96966,67.32899,8.017997,1.078183,1.601442,8.136369,87.17413,0.5244902,1.035879,0.3453441,0,0.2161831,-7.450581E-09,0.04147647,15.18382,0.5259808,180,1.063899,1.034749,1.895885,2.379977,13.40754,177.62,2506.58,171.751,3141.562,210.7575,764.806,18.16388,8.192995,0.1318841,0.9696277,0.9732602,292.7554,-30.94103,127.3858,-5.480358,"NAN",0,17.48563,6.389587,0.02036756,13.86165,222.4608,105.2652,66.53548,1,242.6379,90.75804,"Kljun_et_al"
"2026-10-06 21:30:00",23,-1.593939,9,36000,-0.06989017,9,36000,-2.405628,9,36000,-0.003508912,9,36000,5.745471,9,36000,-2.388346,-0.005455779,6,0.07197127,-0.0749395,0.1732509,13.87627,64.74571,7.312036,1.027767,1.593801,13.9216,64.84753,7.547743,1.027859,1.602861,13.94389,65.70084,7.627771,1.050015,1.600029,7.924265,87.18104,0.5750015,1.630302,0.4662426,0,0.3523777,0,0.07035343,14.99347,1.484614,180,1.67704,1.628939,2.904359,355.7742,13.71809,184.2258,2181.372,348.2325,2770.145,415.2925,766.2859,43.89729,7.758955,0.2488726,0.9695961,0.9732315,299.382,-35.97122,134.8871,-5.488449,"NAN",0,16.85567,6.383632,0.02005422,18.58462,233.9526,125.7264,84.36761,1,242.6379,90.37655,"Kljun_et_al"
"2026-10-06 22:00:00",24,-3.472424,8,36000,0.3846582,8,36000,4.976586,8,36000,0.007246405,8,36000,-4.474041,8,36000,-0.899018,-0.04468499,7,0.2053103,0.02032641,0.6710128,12.09534,71.84325,7.166257,1.017205,1.417251,12.11057,71.84553,3.7164,1.017248,1.419644,12.39126,68.35992,6.730923,0.9873666,1.445211,7.492059,87.18931,0.4023962,0.4428641,1.037829,0,0.5071598,0,0.08789784,13.1646,0.7962137,180,1.171629,0.4417209,2.530504,343.8567,63.93285,196.1433,2132.531,281.1467,2703.152,356.2652,777.0641,23.20863,7.726696,0.08961464,0.970259,0.9737552,306.7991,-40.66362,142.3885,-5.496501,"NAN",0,16.31227,6.288906,0.01976489,1.971736,31.6437,14.97335,9.464272,1,242.6379,98.49268,"Kljun_et_al"
"2026-10-06 22:30:00",25,-0.3417922,9,36000,-0.05171217,9,36000,1.246499,9,36000,0.00181314,9,36000,0.08188458,9,36000,0.06569166,-0.004351437,7,0.06394313,-0.001189688,0.1402725,10.88802,79.03457,7.384932,1.032561,1.308432,11.02328,78.37717,3.63021,1.033058,1.320569,11.17414,71.83811,6.28366,0.9572824,1.333337,7.295035,87.20481,0.2875104,1.048896,0.3716596,0,0.3738915,3.72529E-09,0.05117831,12.08949,0.632661,180,1.117936,1.047437,2.099486,154.6942,20.34082,25.30585,2428.815,194.3057,3051.484,236.8248,761.8306,17.60894,7.876871,0.1121389,0.9678476,0.9714641,315.2,-44.89201,149.8902,-5.504375,"NAN",0,15.83555,6.23832,0.019532,13.46657,169.524,91.10244,61.13349,1,242.6379,93.40981,"Kljun_et_al"
"2026-10-06 23:00:00",26,0.5544111,8,36000,-0.0660717,8,36000,1.83216,8,36000,0.002664776,8,36000,2.133811,8,36000,1.164643,-0.00121384,4,0.03376407,-0.05869205,0.0513496,10.73681,78.03439,7.063182,1.010031,1.294836,10.92135,77.16176,2.687258,1.010684,1.311203,10.87435,71.9666,6.024232,0.9402762,1.306694,7.173037,87.20673,0.3005185,1.367088,0.237392,0,0.2114877,3.72529E-09,0.04021466,11.96396,0.4783651,180,1.382436,1.366577,1.893418,127.0692,8.675832,52.93076,2064.095,142.7956,2607.556,172.8309,762.7706,9.122979,7.708984,0.08893833,0.968657,0.9723031,324.7496,-48.49725,157.3918,-5.512324,"NAN",0,15.37861,6.191195,0.01930356,33.21722,418.1552,224.7171,150.7944,1,242.6379,81.54137,"Kljun_et_al"
"2026-10-06 23:30:00",27,-1.115255,8,36000,-0.1222639,8,36000,2.357034,8,36000,0.003429615,8,36000,9.342538,8,36000,3.963683,-0.004657868,5,0.06619015,-0.1312798,0.1614103,11.39064,74.85667,7.089286,1.011975,1.352322,11.36038,75.10109,4.241258,1.011869,1.35118,11.52685,70.43678,6.339645,0.9610198,1.364491,7.314479,87.21053,0.3393111,0.8002774,0.4832273,0,0.2972451,3.72529E-09,0.03094237,12.40583,0.8477154,180,0.8969904,0.7996204,1.52657,134.364,26.68724,45.63602,2052.015,128.031,2595.302,151.0464,754.6094,17.51653,7.706034,0.1588618,0.9692348,0.9727594,335.5113,-51.29179,164.8929,-5.520374,"NAN",0,14.93546,6.178399,0.01913378,9.919159,124.8674,67.1039,45.02948,1,242.6379,95.43262,"Kljun_et_al"
"2026-10-07 00:00:00",28,-0.4821154,9,36000,0.294889,9,36000,-3.122058,9,36000,-0.00453733,9,36000,-9.389729,9,36000,3.007545,-0.004179054,9,0.06255345,0.1389837,0.2511229,9.94904,82.10715,7.024327,1.007387,1.229277,10.10682,81.35687,4.815373,1.00799,1.243982,10.39149,72.91765,5.74566,0.9224362,1.265978,7.048738,87.22005,0.2359914,0.1036505,0.6538025,0,0.2705641,9.313226E-10,0.03978943,11.14357,1.071276,180,0.628323,0.1034637,1.460038,140.3387,74.03123,39.66135,2406.492,695.385,3032.491,876.3821,787.4381,47.99228,7.71024,0.1178095,0.9672724,0.9710408,347.3436,-53.08256,172.3945,-5.528317,"NAN",0,14.51105,6.186075,0.01886311,1.534438,24.62566,11.65251,7.365255,1,242.6379,98.78679,"Kljun_et_al"
"2026-10-07 00:30:00",29,2.815858,9,36000,0.6214092,9,36000,-3.356008,9,36000,-0.004880578,9,36000,-13.46455,9,36000,4.012072,-0.003824794,9,0.05991499,0.2085814,0.07483338,10.19892,80.07083,6.900684,0.9988154,1.249913,10.80315,77.1433,5.007041,1.000965,1.302641,10.37737,72.69984,5.688949,0.9187108,1.264637,7.020711,87.22318,0.3016759,0.3141628,0.3284424,0,0.2014239,9.313226E-10,0.03493932,11.83506,0.9696059,180,0.4299314,0.3139637,1.072686,207.8516,42.0682,332.1484,2156.86,275.6932,2728.338,340.8969,745.5119,41.12073,7.637993,0.08840495,0.9667571,0.9705754,185.4259,-53.7161,5.496228,-5.536193,"NAN",0,14.11633,6.14499,0.01864444,4.856465,77.93973,36.87996,23.31089,1,242.6379,96.56594,"Kljun_et_al"
"2026-10-07 01:00:00",30,-2.25183,9,36000,-0.2082354,9,36000,-2.735186,9,36000,-0.003975611,9,36000,2.105776,9,36000,-0.7698842,-0.005021724,7,0.06858431,-0.02843883,0.1780667,9.835785,82.98911,7.065489,1.01029,1.219746,10.24593,80.97784,6.057702,1.011741,1.255025,10.05106,73.97929,5.626412,0.9146965,1.237105,6.998169,87.23,0.2432841,0.6677699,0.3628929,0,0.4728941,0,0.0285177,11.28684,0.9259051,180,0.8480804,0.6673083,1.423584,115.4996,37.39661,64.5004,2426.321,479.5435,3051.505,580.6838,773.7057,41.1664,7.735721,0.1560357,0.9669621,0.9706557,12.32089,-53.13174,-172.6026,-5.544241,"NAN",0,13.73837,6.073304,0.01848489,7.989177,100.5718,54.04741,36.26804,1,242.6379,96.48677,"Kljun_et_al"
"2026-10-07 01:30:00",31,0.8579809,9,36000,0.07910492,9,36000,0.2748401,9,36000,0.0004000275,9,36000,-0.3959953,9,36000,-1.440821,-0.01355434,6,0.1129475,0.003263816,0.3104359,11.37028,71.97162,6.470417,0.9697179,1.351962,11.67435,70.75019,6.189646,0.9707345,1.381304,11.33603,69.60109,5.978134,0.9373947,1.348487,7.139208,87.23509,0.4105691,0.882057,0.5085695,0,0.600682,3.72529E-09,0.03754873,12.67784,1.158831,180,1.116273,0.8815615,1.970307,114.1067,37.14214,65.89325,1873.443,196.4331,2395.929,236.0876,734.6856,32.66642,7.385088,0.1185485,0.9682101,0.9717588,24.18897,-51.38607,-165.1013,-5.552325,"NAN",0,13.38235,6.013327,0.01831822,7.123912,114.3292,54.09893,34.19456,1,242.6379,95.07483,"Kljun_et_al"
"2026-10-07 02:00:00",32,-4.224829,8,36000,-0.6054082,8,36000,2.344265,8,36000,0.003400944,8,36000,34.28445,8,36000,14.62482,-0.00436507,6,0.06370024,-0.4949811,0.2414296,8.583126,84.11501,5.913789,0.9332282,1.131402,8.256313,85.96414,11.15506,0.9321826,1.108268,8.98472,73.30932,4.435191,0.8441905,1.160668,6.47988,87.244,0.1760858,1.33092,0.6333856,0,0.2722314,2.328306E-10,0.087017,9.208336,2.366779,180,1.397591,1.330919,2.512231,232.8817,17.69158,307.1183,2353.87,434.9039,3003.947,547.47,834.3765,93.01091,7.176801,0.1090167,0.9673975,0.971116,35.00013,-48.62911,-157.5991,-5.560058,"NAN",0,13.06111,6.014185,0.01814711,17.1407,215.7757,115.9582,77.81271,1,242.6379,91.24124,"Kljun_et_al"
"2026-10-07 02:30:00",33,-2.421776,8,36000,-0.1266555,8,36000,-12.81776,8,36000,-0.01860532,8,36000,-7.090614,8,36000,0.5531868,-0.02010082,6,0.1368555,0.04774348,0.3055913,8.434721,89.26598,6.769492,0.9903334,1.109403,8.81757,87.12933,2.73279,0.9916966,1.139175,8.538964,77.19791,4.777431,0.8624855,1.117061,6.634038,87.24117,0.1474785,0.723763,0.5086322,0,0.5902041,4.656613E-10,0.06430434,9.832589,0.6955741,180,1.009035,0.723725,2.167287,58.15896,43.07154,121.841,2324.899,219.2809,2925.577,259.4295,791.5137,21.14223,7.62013,0.2553001,0.9663826,0.9700344,44.59899,-45.05499,-150.0979,-5.568105,"NAN",0,12.77457,5.970366,0.01797867,4.87726,78.27345,37.03788,23.4107,1,242.6379,96.55212,"Kljun_et_al"
"2026-10-07 03:00:00",34,0.9665106,9,36000,0.6462812,9,36000,-9.519469,9,36000,-0.0138135,9,36000,-18.45077,9,36000,1.938214,-0.005737923,9,0.07308108,0.2323799,0.1735701,7.962801,93.84911,7.023127,1.007688,1.074542,8.493672,90.74814,4.154549,1.009695,1.116386,8.086307,79.46993,4.75061,0.8608365,1.083412,6.632016,87.23823,0.1066905,0.6379637,0.4115281,0,0.4145933,-3.72529E-09,0.07679301,9.526116,1.181326,180,0.8033038,0.6371239,2.094274,352.8158,36.84124,187.1842,2627.076,261.6389,3289.453,341.783,844.1147,60.5471,7.766865,0.2489853,0.9661677,0.9698047,53.04473,-40.85153,-142.5967,-5.576199,"NAN",0,12.49901,5.946352,0.01778178,8.084565,129.7464,61.39413,38.80567,1,242.6379,94.44908,"Kljun_et_al"
"2026-10-07 03:30:00",35,-0.1044265,9,36000,0.2492722,9,36000,-4.924258,9,36000,-0.007142198,9,36000,-8.982723,9,36000,1.824178,-0.00812611,9,0.08689051,0.09497848,0.177278,7.764468,95.29186,7.076718,1.011166,1.060113,8.010558,93.95829,3.019301,1.012079,1.078567,8.073818,79.84667,4.808174,0.8641827,1.082446,6.658108,87.24958,0.06648839,0.5699723,0.4344727,0,0.4018025,0,0.06591047,9.043478,0.7124004,180,0.7588881,0.5697271,1.892231,165.1743,40.44008,14.82568,2639.63,117.2858,3295.48,142.9717,816.384,18.88305,7.799182,0.1800963,0.9656202,0.9694459,60.50118,-36.17841,-135.0947,-5.583981,"NAN",0,12.21659,6.01758,0.01762089,6.070045,97.41604,46.09587,29.13603,1,242.6379,95.7654,"Kljun_et_al"
"2026-10-07 04:00:00",36,1.646227,9,36000,0.3467335,9,36000,-7.862669,9,36000,-0.01139815,9,36000,-14.41602,9,36000,1.833477,-0.01052244,9,0.09875952,0.133848,0.2833821,7.156738,93.0158,6.097495,0.9453258,1.017235,7.46236,91.22572,3.433293,0.9464031,1.03992,7.309102,79.06799,3.923705,0.8124253,1.027572,6.276273,87.25886,0.09351712,1.181343,0.3983609,0,0.6356518,7.450581E-09,0.0634006,8.425949,0.9832262,180,1.328818,1.180596,2.758611,126.8052,27.05253,53.19482,2345.11,158.8014,2972.946,202.416,814.0363,28.28107,7.307003,0.1961214,0.9660166,0.9696116,67.16002,-31.16444,-127.5934,-5.591965,"NAN",0,11.95429,5.979534,0.017512,11.07003,177.6591,84.06574,53.13582,1,242.6379,92.52647,"Kljun_et_al"
"2026-10-07 04:30:00",37,-0.4650694,9,36000,-0.07899522,9,36000,-1.555456,9,36000,-0.002256099,9,36000,1.372842,9,36000,-0.8825981,-0.004033811,7,0.06120598,-0.02060729,0.1487401,7.800717,88.41786,6.003116,0.9388817,1.06254,8.033146,87.13069,3.133836,0.939657,1.079793,7.880693,76.98154,4.099191,0.822187,1.068259,6.338963,87.2674,0.1401364,1.343576,0.4310971,0,0.3317069,1.862645E-09,0.04007397,8.991646,0.5304918,180,1.393633,1.343366,2.117446,116.0685,15.38339,63.93149,2035,102.4787,2589.196,124.3104,781.9896,15.09656,7.240815,0.06609285,0.9666275,0.9703842,73.20518,-25.90791,-120.0922,-5.600056,"NAN",0,11.70597,5.943573,0.01737956,18.0126,226.7517,121.8567,81.77084,1,242.6379,90.71967,"Kljun_et_al"
